0111234
0111927
0110342
0110417
0112473
0111035
0112542
0112565
0112572
0112573
0112575
0112309
0112514
0111144
0112583
0111425
0112586
0112681
0111876
0111795
0111955
0111793
0111827
0112308
0112564
0112566
0111261
0111205
0112258
0112256
0111993
0111989
0112224
0112455
0112463
0112407
0110961
0109617
0112298
0112343
0110158
0111025
0111175
0111883
0110792
0111505
0110815
0111231
0110842
0112585
0112611
0112628
0112751
0112745
0111211
0111867
0112578
0111910
0111933
0112577
0112631
0112648
0112658
0112656
0110778
0111022
0110778
0112367
0112159
0112159
0112139
0111104
0111611
0110502
0112423
0112608
0112635
0112632
0075890
0112775
0112777
0112536
0111485
0109607
0110410
0112353
0110153
0110405
0112511
0112335
0112568
0110395
0112510
0112557
0112624
0112506
0112643
0112640
0112724
0112618
0111006
0110643
0112046
0111119
0111430
0110225
0110178
0110729
0111482
0112202
0110070
0106090
0111374
0112101
0110732
0112163
0112171
0112248
0110607
0112285
0112288
0112263
0112369
0112392
0112305
0112468
0112467
0112469
0112470
0112471
0112472
0112576
0112627
0112371
0112372
0112373
0112374
0112375
0112376
0112377
0112378
0112379
0112380
0112431
0112432
0112434
0112437
0112438
0112440
0112441
0112442
0112443
0112445